10 5

0.8183636187558324
[0.8181466025742609, 0.8182434454950434, 0.8182522493969328, 0.818313876710158, 0.8183182786611026, 0.8183578962196045, 0.8183887098762171, 0.8184767488951104, 0.8185515820611695, 0.8185867976687268]

8 5

0.8186321461960453
[0.8183574112292956, 0.818361821100351, 0.8184941172320122, 0.8185029369741229, 0.8185338060715105, 0.8185955442662857, 0.8186925614295038, 0.8188292674322203, 0.818908645111217, 0.8190453511139334]

8 8

0.8192606524018006
[0.8189510126058193, 0.8190963627234208, 0.8192108809978946, 0.8192505219390587, 0.8192681401351316, 0.8193474220174596, 0.819356231115496, 0.8193650402135325, 0.819373849311569, 0.8193870629586236]

